1677 

327  327  327  327  327  327  327  327  327  327  327  327  327  327  327  327  056  058  058  060  327  327  327  327  327  327  327  327  327  327  327  327  327  327  327  327  327 325 00
327  327  327  327  327  327  327  327  327  327  327  327  327  327  327  327  056  058  058  060  327  327  327  327  327  327  327  327  327  327  327  327  327  327  327  327  327 325 00
327  327  327  327  327  327  327  327  327  327  327  327  327  327  327  327  056  058  058  060  327  327  327  327  327  327  327  327  327  327  327  327  327  327  327  327  327 325 00
327  327  327  327  327  327  327  327  327  327  327  327  327  327  327  327  109  111  111  113  327  327  327  327  327  327  327  327  327  327  327  327  327  327  327  327  327 325 00
327  327  327  327  327  327  327  327  327  327  327  327  327  327  327  327  327  327  327  327  327  327  327  327  327  327  327  327  327  327  327  327  327  327  327  327  327 325 00
327  327  327  327  327  327  327  327  327  327  327  327  327  327  327  327  327  327  327  327  327  327  327  327  327  327  327  327  327  327  327  327  327  327  327  327  327 325 00
327  327  327  327  327  327  327  327  327  327  327  327  327  327  327  327  327  327  327  327  327  327  327  327  327  327  327  327  327  327  327  327  327  327  327  327  327 325 00
327  327  327  327  327  327  327  327  327  327  327  327  327  327  327  327  327  327  327  327  327  327  327  327  327  327  327  327  327  327  327  327  327  327  327  327  327 325 00
327  327  327  327  327  327  327  327  327  327  327  327  327  327  327  327  327  327  327  327  327  327  327  327  327  327  327  327  327  327  327  327  327  327  327  327  327 325 00
327  327  327  327  327  327  327  327  327  327  327  327  327  327  327  327  327  327  327  327  327  327  327  327  327  327  327  327  327  327  327  327  327  327  327  327  327 325 00
327  327  327  327  327  327  327  327  327  327  327  327  327  327  327  327  327  327  327  327  327  327  327  327  327  327  327  327  327  327  327  327  327  327  327  327  327 325 00
327  327  327  327  327  327  327  327  327  327  327  327  327  327  327  327  327  327  327  327  327  327  327  327  327  327  327  327  327  327  327  327  327  327  327  327  327 325 00
327  327  327  327  327  327  327  327  327  327  327  327  327  327  327  327  327  327  327  327  327  327  327  327  327  327  327  327  327  327  327  327  327  327  327  327  327 325 00
327  327  327  327  327  327  327  327  327  327  327  327  327  327  327  327  327  327  327  327  327  327  327  327  327  327  327  327  327  327  327  327  327  327  327  327  327 325 00
327  327  327  327  327  327  327  327  327  327  327  327  327  327  327  327  327  327  327  327  327  327  327  327  327  327  327  327  327  327  327  327  327  327  327  327  327 325 00
327  327  327  327  327  327  327  327  327  327  327  327  327  327  327  327  327  327  327  327  327  327  327  327  327  327  327  327  327  327  327  327  327  327  327  327  327 325 00
327  327  327  327  327  327  327  327  327  327  327  327  327  327  327  327  327  327  327  327  327  327  327  327  327  327  327  327  327  327  327  327  327  327  327  327  327 325 00
327  327  327  327  327  327  327  327  327  327  327  327  327  327  327  327  327  327  327  327  327  327  327  327  327  327  327  327  327  327  327  327  327  327  327  327  327 325 00
327  327  327  327  327  327  327  327  327  327  327  327  327  327  327  327  327  327  327  327  327  327  327  327  327  327  327  327  327  327  327  327  327  327  327  327  327 325 00
327  327  327  327  327  327  327  327  327  327  327  327  327  327  327  327  327  327  327  327  327  327  327  327  327  327  327  327  327  327  327  327  327  327  327  327  327 325 00
327  327  327  327  327  327  327  327  327  327  327  327  327  327  327  327  327  327  327  327  327  327  327  327  327  327  327  327  327  327  327  327  327  327  327  327  327 325 00
327  327  327  327  327  327  327  327  327  327  327  327  327  327  327  327  327  327  327  327  327  327  327  327  327  327  327  327  327  327  327  327  327  327  327  327  327 325 00
327  327  327  327  327  327  327  327  327  327  327  327  327  327  327  327  327  327  327  327  327  327  327  327  327  327  327  327  327  327  327  327  327  327  327  327  327 325 00
327  327  327  327  327  327  327  327  327  327  327  327  327  327  327  327  327  327  327  327  327  327  327  327  327  327  327  327  327  327  327  327  327  327  327  327  327 325 00
327  327  327  327  327  327  327  327  327  327  327  327  327  327  327  327  327  327  327  327  327  327  327  327  327  327  327  327  327  327  327  327  327  327  327  327  327 325 00
327  327  327  327  327  327  327  327  327  327  327  327  327  327  327  327  327  327  327  327  327  327  327  327  327  327  327  327  327  327  327  327  327  327  327  327  327 325 00
327  327  327  327  327  327  327  327  327  327  327  327  327  327  327  327  327  327  327  327  327  327  327  327  327  327  327  327  327  327  327  327  327  327  327  327  327 325 00
327  327  327  327  327  327  327  327  327  327  327  327  327  327  327  327  327  327  327  327  327  327  327  327  327  327  327  327  327  327  327  327  327  327  327  327  327 325 00
327  327  327  327  327  327  327  327  327  327  327  327  327  327  327  327  327  327  327  327  327  327  327  327  327  327  327  327  327  327  327  327  327  327  327  327  327 325 00
327  327  327  327  327  327  327  327  327  327  327  327  327  327  327  327  327  327  327  327  327  327  327  327  327  327  327  327  327  327  327  327  327  327  327  327  327 325 00
327  327  327  327  327  327  327  327  327  327  327  327  327  327  327  327  327  327  327  327  327  327  327  327  327  327  327  327  327  327  327  327  327  327  327  327  327 325 00
327  327  327  327  327  327  327  327  327  327  327  327  327  327  327  327  327  327  327  327  327  327  327  327  327  327  327  327  327  327  327  327  327  327  327  327  327 325 00
327  327  327  327  327  327  327  327  327  327  327  327  327  327  327  327  327  327  327  327  327  327  327  327  327  327  327  327  327  327  327  327  327  327  327  327  327 325 00
327  327  327  327  327  327  327  327  327  327  327  327  327  327  327  327  327  327  327  327  327  327  327  327  327  327  327  327  327  327  327  327  327  327  327  327  327 325 00
327  327  327  327  327  327  327  327  327  327  327  327  327  327  327  327  327  327  327  327  327  327  327  327  327  327  327  327  327  327  327  327  327  327  327  327  327 325 00
327  327  327  327  327  327  327  327  327  327  327  327  327  327  327  327  327  327  327  327  327  327  327  327  327  327  327  327  327  327  327  327  327  327  327  327  327 325 00
327  327  327  327  327  327  327  327  327  327  327  327  327  327  327  327  327  327  327  327  327  327  327  327  327  327  327  327  327  327  327  327  327  327  327  327  327 325 00
327  327  327  327  327  327  327  327  327  327  327  327  327  327  327  327  327  327  327  327  327  327  327  327  327  327  327  327  327  327  327  327  327  327  327  327  327 325 00
327  327  327  327  327  327  327  327  327  327  327  327  327  327  327  327  327  327  327  327  327  327  327  327  327  327  327  327  327  327  327  327  327  327  327  327  327 325 00
327  327  327  327  327  327  327  327  327  327  327  327  327  327  327  327  327  327  327  327  327  327  327  327  327  327  327  327  327  327  327  327  327  327  327  327  327 325 00
327  327  327  327  327  327  327  327  327  327  327  327  327  327  327  327  327  327  327  327  327  327  327  327  327  327  327  327  327  327  327  327  327  327  327  327  327 325 00
327  327  327  327  327  327  327  327  327  327  327  327  327  327  327  327  327  327  327  327  327  327  327  327  327  327  327  327  327  327  327  327  327  327  327  327  327 325 00
327  327  327  327  327  327  327  327  327  327  327  327  327  327  327  327  327  327  327  327  327  327  327  327  327  327  327  327  327  327  327  327  327  327  327  327  327 325 00


