624

327  327  327  327  327  327  327  327  327  327  327  327  327  327  327  327  327 327 327 327  327  327  327  327  327  327  327  327  327  327  327  327  327  327  327  327  327 325 00
327  327  327  327  327  327  327  327  327  327  327  327  327  327  327  327  327 327 327 327  327  327  327  327  327  327  327  327  327  327  327  327  327  327  327  327  327 325 00
327  327  327  327  327  327  327  327  327  327  327  327  327  327  327  327  327 327 327 327  327  327  327  327  327  327  327  327  327  327  327  327  327  327  327  327  327 325 00
327  327  327  327  327  327  327  327  327  327  327  327  327  327  327  327  327 327 327 327  327  327  327  327  327  327  327  327  327  327  327  327  327  327  327  327  327 325 00
327  327  327  327  327  327  327  327  327  327  327  327  327  327  327  327  327 327 327 327  327  327  327  327  327  327  327  327  327  327  327  327  327  327  327  327  327 325 00
327  327  327  327  327  327  327  327  327  327  327  327  327  327  327  327  327 327 327 327  327  327  327  327  327  327  327  327  327  327  327  327  327  327  327  327  327 325 00
327  327  327  327  327  327  327  327  327  327  327  327  327  327  327  327  327 327 327 327  327  327  327  327  327  327  327  327  327  327  327  327  327  327  327  327  327 325 00
327  327  327  327  327  327  327  327  327  327  327  327  327  327  327  327  327 327 327 327  327  327  327  327  327  327  327  327  327  327  327  327  327  327  327  327  327 325 00
327  327  327  327  327  327  327  327  327  327  327  327  327  327  327  327  327 327 327 327  327  327  327  327  327  327  327  327  327  327  327  327  327  327  327  327  327 325 00
327  327  327  327  327  327  327  327  327  327  327  327  327  327  327  327  327 327 327 327  327  327  327  327  327  327  327  327  327  327  327  327  327  327  327  327  327 325 00
327  327  327  327  327  327  327  327  327  327  327  327  327  327  327  327  327 327 327 327  327  327  327  327  327  327  327  327  327  327  327  327  327  327  327  327  327 325 00
327  327  327  327  327  327  327  327  327  327  327  327  327  327  327  327  327 327 327 327  327  327  327  327  327  327  327  327  327  327  327  327  327  327  327  327  327 325 00
327  327  327  327  327  327  327  327  327  327  327  327  327  327  327  327  327 327 327 327  327  327  327  327  327  327  327  327  327  327  327  327  327  327  327  327  327 325 00
327  327  327  327  327  327  327  327  327  327  327  327  327  327  327  327  327 327 327 327  327  327  327  327  327  327  327  327  327  327  327  327  327  327  327  327  327 325 00
327  327  327  327  327  327  327  327  327  327  327  327  327  327  327  327  327 327 327 327  327  327  327  327  327  327  327  327  327  327  327  327  327  327  327  327  327 325 00
327  327  327  327  327  327  327  327  327  327  327  327  327  327  327  327  327 327 327 327  327  327  327  327  327  327  327  327  327  327  327  327  327  327  327  327  327 325 00