1677 

58  58  58  58  58  58  58  58  58  58  58  58  58  58  58  58  56   58  58  60 58  58  58  58  58  58  58  58  58  58  58  58  58  58  58  58  58 325 00
58  58  58  58  58  58  58  58  58  58  58  58  58  58  58  58  56   58  58  60 58  58  58  58  58  58  58  58  58  58  58  58  58  58  58  58  58 325 00
58  58  58  58  58  58  58  58  58  58  58  58  58  58  58  58  56   58  58  60 58  58  58  58  58  58  58  58  58  58  58  58  58  58  58  58  58 325 00
58  58  58  58  58  58  58  58  58  58  58  58  58  58  58  58  109 111 111 113 58  58  58  58  58  58  58  58  58  58  58  58  58  58  58  58  58 325 00
58  58  58  58  58  58  58  58  58  58  58  58  58  58  58  58  58  58  58  58  58  58  58  58  58  58  58  58  58  58  58  58  58  58  58  58  58 325 00
58  58  58  58  58  58  58  58  58  58  58  58  58  58  58  58  58  58  58  58  58  58  58  58  58  58  58  58  58  58  58  58  58  58  58  58  58 325 00
58  58  58  58  58  58  58  58  58  58  58  58  58  58  58  58  58  58  58  58  58  58  58  58  58  58  58  58  58  58  58  58  58  58  58  58  58 325 00
58  58  58  58  58  58  58  58  58  58  58  58  58  58  58  58  58  58  58  58  58  58  58  58  58  58  58  58  58  58  58  58  58  58  58  58  58 325 00
58  58  58  58  58  58  58  58  58  58  58  58  58  58  58  58  58  58  58  58  58  58  58  58  58  58  58  58  58  58  58  58  58  58  58  58  58 325 00
58  58  58  58  58  58  58  58  58  58  58  58  58  58  58  58  58  58  58  58  58  58  58  58  58  58  58  58  58  58  58  58  58  58  58  58  58 325 00
58  58  58  58  58  58  58  58  58  58  58  58  58  58  58  58  58  58  58  58  58  58  58  58  58  58  58  58  58  58  58  58  58  58  58  58  58 325 00
58  58  58  58  58  58  58  58  58  58  58  58  58  58  58  58  58  58  58  58  58  58  58  58  58  58  58  58  58  58  58  58  58  58  58  58  58 325 00
58  58  58  58  58  58  58  58  58  58  58  58  58  58  58  58  58  58  58  58  58  58  58  58  58  58  58  58  58  58  58  58  58  58  58  58  58 325 00
58  58  58  58  58  58  58  58  58  58  58  58  58  58  58  58  58  58  58  58  58  58  58  58  58  58  58  58  58  58  58  58  58  58  58  58  58 325 00
58  58  58  58  58  58  58  58  58  58  58  58  58  58  58  58  58  58  58  58  58  58  58  58  58  58  58  58  58  58  58  58  58  58  58  58  58 325 00
58  58  58  58  58  58  58  58  58  58  58  58  58  58  58  58  58  58  58  58  58  58  58  58  58  58  58  58  58  58  58  58  58  58  58  58  58 325 00
58  58  58  58  58  58  58  58  58  58  58  58  58  58  58  58  58  58  58  58  58  58  58  58  58  58  58  58  58  58  58  58  58  58  58  58  58 325 00
58  58  58  58  58  58  58  58  58  58  58  58  58  58  58  58  58  58  58  58  58  58  58  58  58  58  58  58  58  58  58  58  58  58  58  58  58 325 00
58  58  58  58  58  58  58  58  58  58  58  58  58  58  58  58  58  58  58  58  58  58  58  58  58  58  58  58  58  58  58  58  58  58  58  58  58 325 00
58  58  58  58  58  58  58  58  58  58  58  58  58  58  58  58  58  58  58  58  58  58  58  58  58  58  58  58  58  58  58  58  58  58  58  58  58 325 00
58  58  58  58  58  58  58  58  58  58  58  58  58  58  58  58  58  58  58  58  58  58  58  58  58  58  58  58  58  58  58  58  58  58  58  58  58 325 00
58  58  58  58  58  58  58  58  58  58  58  58  58  58  58  58  58  58  58  58  58  58  58  58  58  58  58  58  58  58  58  58  58  58  58  58  58 325 00
58  58  58  58  58  58  58  58  58  58  58  58  58  58  58  58  58  58  58  58  58  58  58  58  58  58  58  58  58  58  58  58  58  58  58  58  58 325 00
58  58  58  58  58  58  58  58  58  58  58  58  58  58  58  58  58  58  58  58  58  58  58  58  58  58  58  58  58  58  58  58  58  58  58  58  58 325 00
58  58  58  58  58  58  58  58  58  58  58  58  58  58  58  58  58  58  58  58  58  58  58  58  58  58  58  58  58  58  58  58  58  58  58  58  58 325 00
58  58  58  58  58  58  58  58  58  58  58  58  58  58  58  58  58  58  58  58  58  58  58  58  58  58  58  58  58  58  58  58  58  58  58  58  58 325 00
58  58  58  58  58  58  58  58  58  58  58  58  58  58  58  58  58  58  58  58  58  58  58  58  58  58  58  58  58  58  58  58  58  58  58  58  58 325 00
58  58  58  58  58  58  58  58  58  58  58  58  58  58  58  58  58  58  58  58  58  58  58  58  58  58  58  58  58  58  58  58  58  58  58  58  58 325 00
58  58  58  58  58  58  58  58  58  58  58  58  58  58  58  58  58  58  58  58  58  58  58  58  58  58  58  58  58  58  58  58  58  58  58  58  58 325 00
58  58  58  58  58  58  58  58  58  58  58  58  58  58  58  58  58  58  58  58  58  58  58  58  58  58  58  58  58  58  58  58  58  58  58  58  58 325 00
58  58  58  58  58  58  58  58  58  58  58  58  58  58  58  58  58  58  58  58  58  58  58  58  58  58  58  58  58  58  58  58  58  58  58  58  58 325 00
58  58  58  58  58  58  58  58  58  58  58  58  58  58  58  58  58  58  58  58  58  58  58  58  58  58  58  58  58  58  58  58  58  58  58  58  58 325 00
58  58  58  58  58  58  58  58  58  58  58  58  58  58  58  58  58  58  58  58  58  58  58  58  58  58  58  58  58  58  58  58  58  58  58  58  58 325 00
58  58  58  58  58  58  58  58  58  58  58  58  58  58  58  58  58  58  58  58  58  58  58  58  58  58  58  58  58  58  58  58  58  58  58  58  58 325 00
58  58  58  58  58  58  58  58  58  58  58  58  58  58  58  58  58  58  58  58  58  58  58  58  58  58  58  58  58  58  58  58  58  58  58  58  58 325 00
58  58  58  58  58  58  58  58  58  58  58  58  58  58  58  58  58  58  58  58  58  58  58  58  58  58  58  58  58  58  58  58  58  58  58  58  58 325 00
58  58  58  58  58  58  58  58  58  58  58  58  58  58  58  58  58  58  58  58  58  58  58  58  58  58  58  58  58  58  58  58  58  58  58  58  58 325 00
58  58  58  58  58  58  58  58  58  58  58  58  58  58  58  58  58  58  58  58  58  58  58  58  58  58  58  58  58  58  58  58  58  58  58  58  58 325 00
58  58  58  58  58  58  58  58  58  58  58  58  58  58  58  58  58  58  58  58  58  58  58  58  58  58  58  58  58  58  58  58  58  58  58  58  58 325 00
58  58  58  58  58  58  58  58  58  58  58  58  58  58  58  58  58  58  58  58  58  58  58  58  58  58  58  58  58  58  58  58  58  58  58  58  58 325 00
58  58  58  58  58  58  58  58  58  58  58  58  58  58  58  58  58  58  58  58  58  58  58  58  58  58  58  58  58  58  58  58  58  58  58  58  58 325 00
58  58  58  58  58  58  58  58  58  58  58  58  58  58  58  58  58  58  58  58  58  58  58  58  58  58  58  58  58  58  58  58  58  58  58  58  58 325 00
58  58  58  58  58  58  58  58  58  58  58  58  58  58  58  58  58  58  58  58  58  58  58  58  58  58  58  58  58  58  58  58  58  58  58  58  58 325 00


