2808
 127 129 127 129 127 129 127 129 128 130 127 129 127 129 127 129 325 325 325 325 325 325 127 129 127 129 127 129 127 129 127 129 127 129 127 129 127 129 00
 128 130 128 130 128 130 128 130 127 129 128 130 128 130 128 130 325 325 325 325 325 325 128 130 128 130 128 130 128 130 128 130 128 130 128 130 128 130 00
 127 129 127 129 127 129 127 129 128 130 127 129 127 129 127 129 325 325 325 325 325 325 127 129 127 129 127 129 127 129 127 129 127 129 127 129 127 129 00
 128 130 128 130 128 130 128 130 127 129 128 130 128 130 128 130 325 325 325 325 325 325 128 130 128 130 128 130 128 130 128 130 128 130 128 130 128 130 00
 127 129 127 129 127 129 127 129 128 130 170 172 170 172 170 172 325 325 325 325 325 325 170 172 170 172 170 172 170 172 127 129 127 129 127 129 127 129 00
 128 130 128 130 128 130 128 130 127 129 159 159 159 325 325 325 325 325 325 325 325 325 325 325 325 325 325 325 325 325 128 130 128 130 128 130 128 130 00
 127 129 127 129 127 129 127 129 128 130 159 159 159 325 325 325 325 325 325 325 325 325 325 325 325 325 325 325 325 325 127 129 127 129 127 129 127 129 00
 128 130 128 130 128 130 128 130 170 172 159 159 159 325 325 325 325 325 325 325 325 325 325 325 325 325 325 325 325 325 128 130 128 130 128 130 128 130 00
 127 129 127 129 127 129 127 129 159 159 159 159 159 159 325 325 325 325 325 325 325 325 325 325 325 325 325 325 325 325 127 129 127 129 127 129 127 129 00
 128 130 128 130 128 130 128 130 159 159 159 159 159 159 325 325 325 325 325 325 325 325 325 325 325 325 325 325 325 325 128 130 128 130 128 130 128 130 00
 127 129 127 129 127 129 127 129 159 159 159 159 159 325 325 325 325 325 325 325 325 325 325 325 325 325 325 325 325 325 127 129 127 129 127 129 127 129 00
 128 130 128 130 128 130 128 130 120 122 159 159 325 325 325 325 325 325 325 325 325 325 325 325 325 325 325 325 325 325 128 130 128 130 128 130 128 130 00
 127 129 127 129 127 129 127 129 128 130 325 325 325 325 325 325 325 325 325 325 325 325 325 325 325 325 325 325 325 325 127 129 127 129 127 129 127 129 00
 128 130 128 130 128 130 128 130 127 129 325 325 325 325 325 325 325 325 325 325 325 325 325 325 325 325 325 325 325 325 128 130 128 130 128 130 128 130 00
 127 129 127 129 127 129 127 129 128 130 325 325 325 325 325 325 325 325 325 325 325 325 325 325 325 325 325 325 325 325 127 129 127 129 127 129 127 129 00
 128 130 128 130 128 130 128 130 127 129 325 325 325 325 325 325 325 325 325 325 325 325 325 325 325 325 325 325 325 325 128 130 128 130 128 130 128 130 00
 127 129 127 129 127 129 127 129 128 130 325 325 325 325 325 325 325 325 325 325 325 325 325 325 325 325 325 325 325 325 127 129 127 129 127 129 127 129 00
 128 130 128 130 128 130 128 130 127 129 120 122 325 325 325 325 325 325 325 325 325 325 325 325 325 325 325 325 325 325 128 130 128 130 128 130 128 130 00
 127 129 127 129 127 129 127 129 128 130 128 130 325 325 325 325 325 325 325 325 325 325 325 325 325 325 325 325 325 325 127 129 127 129 127 129 127 129 00
 128 130 128 130 128 130 128 130 127 129 127 129 325 325 325 325 325 325 325 325 325 325 325 325 325 325 325 325 325 325 128 130 128 130 128 130 128 130 00
 127 129 127 129 127 129 127 129 128 130 128 130 325 325 325 325 325 325 325 325 325 325 325 325 325 325 325 325 325 325 127 129 127 129 127 129 127 129 00
 128 130 128 130 128 130 128 130 170 172 170 172 325 325 325 325 325 325 325 325 325 325 325 325 325 325 325 325 325 325 128 130 128 130 128 130 128 130 00
 127 129 127 129 127 129 127 129 325 325 325 325 325 325 325 325 325 325 325 325 325 325 325 325 325 325 325 325 325 325 127 129 127 129 127 129 127 129 00
 128 130 128 130 128 130 128 130 325 325 325 325 325 325 325 325 325 325 325 325 325 325 325 325 325 325 325 325 325 325 128 130 128 130 128 130 128 130 00
 127 129 127 129 127 129 127 129 325 325 325 325 325 325 325 325 325 325 325 325 325 325 325 325 325 325 325 325 325 325 127 129 127 129 127 129 127 129 00
 128 130 128 130 128 130 128 130 325 325 325 325 325 325 325 325 325 325 325 325 325 325 325 325 325 325 325 325 325 325 128 130 128 130 128 130 128 130 00
 127 129 127 129 127 129 127 129 325 325 325 325 325 325 325 325 325 325 325 325 325 325 325 325 325 325 325 325 325 325 127 129 127 129 127 129 127 129 00
 128 130 128 130 128 130 128 130 325 325 325 325 325 325 325 325 325 325 325 325 325 325 325 325 325 325 325 325 325 325 128 130 128 130 128 130 128 130 00
 127 129 127 129 127 129 127 129 325 325 325 325 325 325 325 325 325 325 325 325 325 325 325 325 325 325 325 325 325 325 127 129 127 129 127 129 127 129 00
 128 130 128 130 128 130 128 130 325 325 325 325 325 325 325 325 325 325 325 325 325 325 325 325 325 325 325 325 325 325 128 130 128 130 128 130 128 130 00
 127 129 127 129 127 129 127 129 325 325 325 325 325 325 325 325 325 325 325 325 325 325 325 325 325 325 325 325 325 325 127 129 127 129 127 129 127 129 00
 128 130 128 130 128 130 128 130 325 325 325 325 325 325 325 325 325 325 325 325 325 325 325 325 325 325 325 325 325 325 128 130 128 130 128 130 128 130 00
 127 129 127 129 127 129 127 129 325 325 325 325 325 325 325 325 325 325 325 325 325 325 325 325 325 325 325 325 325 325 127 129 127 129 127 129 127 129 00
 128 130 128 130 128 130 128 130 325 325 325 325 325 325 325 325 325 325 325 325 325 325 325 325 325 325 325 325 325 325 128 130 128 130 128 130 128 130 00
 127 129 127 129 127 129 127 129 325 325 325 325 325 325 325 325 325 325 325 325 325 325 325 325 325 325 325 325 325 325 127 129 127 129 127 129 127 129 00
 128 130 128 130 128 130 128 130 325 325 325 325 325 325 325 325 325 325 325 325 325 325 325 325 325 325 325 325 325 325 128 130 128 130 128 130 128 130 00
 127 129 127 129 127 129 127 129 325 325 325 325 325 325 325 325 325 325 325 325 325 325 325 325 325 325 325 325 325 325 127 129 127 129 127 129 127 129 00
 128 130 128 130 128 130 128 130 325 325 325 325 325 325 325 325 325 325 325 325 325 325 325 325 325 325 325 325 325 325 128 130 128 130 128 130 128 130 00
 127 129 127 129 127 129 127 129 325 325 325 325 325 325 325 325 325 325 325 325 325 325 325 325 325 325 325 325 325 325 127 129 127 129 127 129 127 129 00
 128 130 128 130 128 130 128 130 325 325 325 325 325 325 325 325 325 325 325 325 325 325 325 325 325 325 325 325 325 325 128 130 128 130 128 130 128 130 00
 127 129 127 129 127 129 127 129 325 325 325 325 325 325 325 325 325 325 325 325 325 325 325 325 325 325 325 325 325 325 127 129 127 129 127 129 127 129 00
 128 130 128 130 128 130 128 130 325 325 325 325 325 325 325 325 325 325 325 325 325 325 325 325 325 325 325 325 325 325 128 130 128 130 128 130 128 130 00
 127 129 127 129 127 129 127 129 325 325 325 325 325 325 325 325 325 325 325 325 325 325 325 325 325 325 325 325 325 325 127 129 127 129 127 129 127 129 00
 128 130 128 130 128 130 128 130 325 325 325 325 325 325 325 325 325 325 325 325 325 325 325 325 325 325 325 325 325 325 128 130 128 130 128 130 128 130 00
 127 129 127 129 127 129 127 129 325 325 325 325 325 325 325 325 325 325 325 325 325 325 325 325 325 325 325 325 325 325 127 129 127 129 127 129 127 129 00
 128 130 128 130 128 130 128 130 325 325 325 325 325 325 325 325 325 325 325 325 325 325 325 325 325 325 325 325 325 325 128 130 128 130 128 130 128 130 00
 127 129 127 129 127 129 127 129 325 325 325 325 325 325 325 325 325 325 325 325 325 325 325 325 325 325 325 325 325 325 127 129 127 129 127 129 127 129 00
 128 130 128 130 128 130 128 130 325 325 325 325 325 325 325 325 325 325 325 325 325 325 325 325 325 325 325 325 325 325 128 130 128 130 128 130 128 130 00
 127 129 127 129 127 129 127 129 325 325 325 325 325 325 325 325 325 325 325 325 325 325 325 325 325 325 325 325 325 325 127 129 127 129 127 129 127 129 00
 128 130 128 130 128 130 128 130 325 325 325 325 325 325 325 325 325 325 325 325 325 325 325 325 325 325 325 325 325 325 128 130 128 130 128 130 128 130 00
 127 129 127 129 127 129 127 129 325 325 325 325 325 325 325 325 325 325 325 325 325 325 325 325 325 325 325 325 325 325 127 129 127 129 127 129 127 129 00
 128 130 128 130 128 130 128 130 325 325 325 325 325 325 325 325 325 325 325 325 325 325 325 325 325 325 325 325 325 325 128 130 128 130 128 130 128 130 00
 127 129 127 129 127 129 127 129 325 325 325 325 325 325 325 325 325 325 325 325 325 325 325 325 325 325 325 325 325 325 127 129 127 129 127 129 127 129 00
 128 130 128 130 128 130 128 130 325 325 325 325 325 325 325 325 325 325 325 325 325 325 325 325 325 325 325 325 325 325 128 130 128 130 128 130 128 130 00
 127 129 127 129 127 129 127 129 325 325 325 325 325 325 325 325 325 325 325 325 325 325 325 325 325 325 325 325 325 325 127 129 127 129 127 129 127 129 00
 128 130 128 130 128 130 128 130 325 325 325 325 325 325 325 325 325 325 325 325 325 325 325 325 325 325 325 325 325 325 128 130 128 130 128 130 128 130 00
 127 129 127 129 127 129 127 129 325 325 325 325 325 325 325 325 325 325 325 325 325 325 325 325 325 325 325 325 325 325 127 129 127 129 127 129 127 129 00
 128 130 128 130 128 130 128 130 325 325 325 325 325 325 325 325 325 325 325 325 325 325 325 325 325 325 325 325 325 325 128 130 128 130 128 130 128 130 00
 127 129 127 129 127 129 127 129 325 325 325 325 325 325 325 325 325 325 325 325 325 325 325 325 325 325 325 325 325 325 127 129 127 129 127 129 127 129 00
 128 130 128 130 128 130 128 130 325 325 325 325 325 325 325 325 325 325 325 325 325 325 325 325 325 325 325 325 325 325 128 130 128 130 128 130 128 130 00
 127 129 127 129 127 129 127 129 325 325 325 325 325 325 325 325 325 325 325 325 325 325 325 325 325 325 325 325 325 325 127 129 127 129 127 129 127 129 00
 128 130 128 130 128 130 128 130 325 325 325 325 325 325 325 325 325 325 325 325 325 325 325 325 325 325 325 325 325 325 128 130 128 130 128 130 128 130 00
 127 129 127 129 127 129 127 129 325 325 325 325 325 325 325 325 325 325 325 325 325 325 325 325 325 325 325 325 325 325 127 129 127 129 127 129 127 129 00
 128 130 128 130 128 130 128 130 325 325 325 325 325 325 325 325 325 325 325 325 325 325 325 325 325 325 325 325 325 325 128 130 128 130 128 130 128 130 00
 127 129 127 129 127 129 127 129 325 325 325 325 325 325 325 325 325 325 325 325 325 325 325 325 325 325 325 325 325 325 127 129 127 129 127 129 127 129 00
 128 130 128 130 128 130 128 130 325 325 325 325 325 325 325 325 325 325 325 325 325 325 325 325 325 325 325 325 325 325 128 130 128 130 128 130 128 130 00
 127 129 127 129 127 129 127 129 120 122 120 122 120 122 120 122 120 122 325 325 325 325 120 122 120 122 120 122 120 122 127 129 127 129 127 129 127 129 00
 128 130 128 130 128 130 128 130 169 171 169 171 169 171 169 171 169 171 325 325 325 325 169 171 169 171 169 171 169 171 128 130 128 130 128 130 128 130 00
 127 129 127 129 127 129 127 129 127 129 127 129 127 129 127 129 127 129 325 325 325 325 127 129 127 129 127 129 127 129 127 129 127 129 127 129 127 129 00
 128 130 128 130 128 130 128 130 128 130 128 130 128 130 128 130 128 130 325 325 325 325 128 130 128 130 128 130 128 130 128 130 128 130 128 130 128 130 00
 127 129 127 129 127 129 127 129 127 129 127 129 127 129 127 129 127 129 325 325 325 325 127 129 127 129 127 129 127 129 127 129 127 129 127 129 127 129 00
 128 130 128 130 128 130 128 130 128 130 128 130 128 130 128 130 128 130 326 326 326 326 128 130 128 130 128 130 128 130 128 130 128 130 128 130 128 130 00

