325

00 0 0
01 1 1
02 2 1
03 1 2
04 2 2
05 1 3
06 2 3
07 1 4
08 2 4
09 1 5
10 2 5
11 1 6
12 2 6
13 1 7
14 2 7
15 1 8
16 2 8
17 1 9
18 2 9
19 1 10
20 2 10
21 1 11
22 2 11
23 1 12
24 2 12
25 1 13
26 2 13
27 1 14
28 2 14
29 1 15
30 2 15
31 1 16
32 2 16
33 1 17
34 2 17
35 1 18
36 2 18
37 1 19
38 2 19
39 1 20
40 2 20
41 1 21
42 2 21
43 1 22
44 2 22
45 1 23
46 2 23
47 1 24
48 2 24
49 1 25
50 2 25
51 1 26
52 2 26
53 1 27
54 2 27
55 3 1
56 4 1
57 3 2
58 4 2
59 3 3
60 4 3
61 3 4
62 4 4
63 3 5
64 4 5
65 3 6
66 4 6
67 3 7
68 4 7
69 3 8
70 4 8
71 3 9
72 4 9
73 3 10
74 4 10
75 3 11
76 4 11
77 3 12
78 4 12
79 3 13
80 4 13
81 3 14
82 4 14
83 3 15
84 4 15
85 3 16
86 4 16
87 3 17
88 4 17
89 3 18
90 4 18
91 3 19
92 4 19
93 3 20
94 4 20
95 3 21
96 4 21
97 3 22
98 4 22
99 3 23
100 4 23
101 3 24
102 4 24
103 3 25
104 4 25
105 3 26
106 4 26
107 3 27
108 4 27
109 5 1
110 6 1
111 5 2
112 6 2
113 5 3
114 6 3
115 5 4
116 6 4
117 5 5
118 6 5
119 5 6
120 6 6
121 5 7
122 6 7
123 5 8
124 6 8
125 5 9
126 6 9
127 5 10
128 6 10
129 5 11
130 6 11
131 5 12
132 6 12
133 5 13
134 6 13
135 5 14
136 6 14
137 5 15
138 6 16
139 5 16
140 6 16
141 5 17
142 6 17
143 5 18
144 6 18
145 5 19
146 6 19
147 5 20
148 6 20
149 5 21
150 6 21
151 5 22
152 6 22
153 5 23
154 6 23
155 5 24
156 6 24
157 5 25
158 6 25
159 7 1
160 8 1
161 7 2
162 8 2
163 7 3
164 8 3
165 7 4
166 8 4
167 7 5
168 8 5
169 7 6
170 8 6
171 7 7
172 8 7
173 7 8
174 8 8
175 7 9
176 8 9
177 7 10
178 8 10
179 7 11
180 8 11
181 7 12
182 8 12
183 7 13
184 8 13
185 7 14
186 8 14
187 7 15
188 8 15
189 7 16
190 8 16
191 7 17
192 8 17
193 7 18
194 8 18
195 7 19
196 8 19
197 7 20
198 8 20
199 7 21
200 8 21
201 7 22
202 8 22
203 7 23
204 8 23
205 7 24
206 8 24
207 7 25
208 8 25
209 7 26
210 8 26
211 9 1
212 10 1
213 9 2
214 10 2
215 9 3
216 10 3
217 9 4
218 10 4
219 9 5
220 10 5
221 9 6
222 10 6
223 9 7
224 10 7
225 9 8
226 10 8
227 9 9
228 10 9
229 9 10
230 10 10
231 9 11
232 10 11
233 9 12
234 10 12
235 9 13
236 10 13
237 9 14
238 10 14
239 9 15
240 10 15
241 9 16
242 10 16
243 9 17
244 10 17
245 9 18
246 10 18
247 9 19
248 10 19
249 9 20
250 10 20
251 9 21
252 10 21
253 9 22
254 10 22
255 9 23
256 10 23
257 9 24
258 10 24
259 9 25
260 10 25
261 9 26
262 10 26
263 11 1
264 12 1
265 11 2
266 12 2
267 11 3
268 12 3
269 11 4
270 12 4
271 11 5
272 12 5
273 11 6
274 12 6
275 11 7
276 12 7
277 11 8
278 12 8
279 11 9
280 12 9
281 11 10
282 12 10
283 11 11
284 12 11
285 11 12
286 12 12
287 11 13
288 12 13
289 11 14
290 12 14
291 11 15
292 12 15
293 11 16
294 12 16
295 11 17
296 12 17
297 11 18
298 12 18
299 11 19
300 12 19
301 11 20
302 12 20
303 11 21
304 12 21
305 11 22
306 12 22
307 11 23
308 12 23
309 11 24
310 12 24
311 11 25
312 12 25
313 11 26
314 12 26
315 13 1
316 13 2
317 13 3
318 13 4
319 13 5
320 13 22
321 13 23
322 13 24
323 13 25
324 13 26